1,Mark Brown
2,Benjamin White
3,Jose Moore
4,Cheryl Edwards
5,Shirley Martinez
6,Teresa Peterson
7,Ann Lewis
8,Christopher Flores
9,Anna Richardson
10,William Cook
11,Sean Cox
12,Christine Mitchell
13,Shawn Robinson
14,Linda Roberts
15,Lawrence Lee
16,Paul Henderson
17,Jeremy Gonzales
18,Louis Murphy
19,David Lynch
20,Tim Burton